4,3
5,3
6,3
7,3
8,3
9,3
10,3
11,3
12,3
13,3
14,3
15,3
16,3
17,3
18,3
19,3
20,3
21,3
22,3
23,3
24,3
25,3
26,3
27,3
28,3
29,3
30,3
31,3
32,3
33,3
34,3
35,3
36,3
37,3
38,3
39,3
40,3
41,3
42,3
43,3
44,3
45,3
46,3
47,3
48,3
49,3
50,3
51,3
52,3
53,3
54,3
55,3
56,3
57,3
58,3
59,3
60,3
61,3
62,3
63,3
64,3
65,3
66,3
67,3
68,3
69,3
70,3
71,3
72,3
73,3
74,3
75,3
76,3
77,3
78,3
79,3
80,3
81,3
82,3
83,3
84,3
85,3
86,3
87,3
88,3
89,3
90,3
91,3
92,3
93,3
94,3
95,3
96,3
97,3
98,3
99,3
100,3
101,3
102,3
103,3
104,3
105,3
106,3
107,3
108,3
109,3
110,3
111,3
112,3
113,3
114,3
115,3
116,3
117,3
118,3
119,3
120,3
121,3
122,3
123,3
124,3
125,3
126,3
127,3
128,3
129,3
130,3
131,3
132,3
133,3
134,3
135,3
136,3
137,3
138,3
139,3
140,3
141,3
142,3
143,3
144,3
145,3
146,3
147,3
148,3
149,3
150,3
151,3
152,3
153,3
154,3
155,3
156,3
157,3
158,3
159,3
160,3
161,3
162,3
163,3
164,3
165,3
166,3
167,3
168,3
169,3
170,3
171,3
172,3
173,3
174,3
175,3
176,3
177,3
178,3
179,3
180,3
181,3
182,3
183,3
184,3
185,3
186,3
187,3
188,3
189,3
190,3
191,3
192,3
193,3
194,3
195,3
196,3
197,3
198,3
199,3
200,3
201,3
296,3
297,3
298,3
299,3
300,3
301,3
302,3
303,3
304,3
305,3
306,3
307,3
308,3
309,3
310,3
311,3
312,3
313,3
314,3
315,3
316,3
317,3
318,3
319,3
320,3
321,3
322,3
323,3
324,3
325,3
326,3
327,3
328,3
329,3
330,3
331,3
332,3
333,3
334,3
335,3
336,3
337,3
338,3
339,3
340,3
341,3
342,3
343,3
344,3
345,3
346,3
347,3
348,3
349,3
350,3
351,3
352,3
353,3
354,3
355,3
356,3
357,3
358,3
359,3
360,3
361,3
362,3
363,3
364,3
365,3
366,3
367,3
368,3
369,3
370,3
371,3
372,3
373,3
374,3
375,3
376,3
377,3
378,3
379,3
380,3
381,3
382,3
383,3
384,3
385,3
386,3
387,3
388,3
389,3
390,3
391,3
392,3
393,3
394,3
395,3
396,3
397,3
398,3
399,3
400,3
401,3
402,3
403,3
404,3
405,3
406,3
407,3
408,3
409,3
410,3
411,3
412,3
413,3
414,3
415,3
416,3
417,3
418,3
419,3
420,3
421,3
422,3
423,3
424,3
425,3
426,3
427,3
428,3
429,3
430,3
431,3
432,3
433,3
434,3
435,3
436,3
437,3
438,3
439,3
440,3
441,3
442,3
443,3
444,3
445,3
446,3
447,3
448,3
449,3
450,3
451,3
452,3
453,3
454,3
455,3
456,3
457,3
458,3
459,3
460,3
461,3
462,3
463,3
464,3
465,3
466,3
467,3
468,3
469,3
470,3
471,3
472,3
473,3
474,3
475,3
476,3
477,3
478,3
479,3
480,3
481,3
482,3
483,3
484,3
485,3
486,3
487,3
488,3
489,3
490,3
491,3
492,3
493,3
3,4
201,4
235,4
236,4
237,4
238,4
239,4
240,4
241,4
242,4
243,4
244,4
245,4
246,4
247,4
248,4
249,4
250,4
251,4
252,4
253,4
254,4
255,4
256,4
257,4
258,4
259,4
260,4
261,4
262,4
263,4
295,4
494,4
2,5
196,5
197,5
198,5
199,5
200,5
201,5
223,5
224,5
225,5
226,5
227,5
228,5
229,5
230,5
231,5
232,5
233,5
234,5
264,5
265,5
266,5
267,5
268,5
269,5
270,5
271,5
272,5
273,5
274,5
275,5
296,5
297,5
298,5
299,5
300,5
301,5
302,5
494,5
2,6
190,6
191,6
192,6
193,6
216,6
217,6
218,6
219,6
220,6
221,6
222,6
276,6
277,6
278,6
279,6
280,6
281,6
282,6
305,6
306,6
307,6
308,6
494,6
2,7
186,7
187,7
188,7
189,7
209,7
210,7
211,7
212,7
213,7
214,7
215,7
283,7
284,7
285,7
286,7
287,7
288,7
309,7
310,7
311,7
312,7
494,7
2,8
182,8
183,8
184,8
185,8
204,8
205,8
206,8
207,8
208,8
289,8
290,8
291,8
292,8
293,8
294,8
313,8
314,8
315,8
316,8
494,8
2,9
179,9
180,9
181,9
199,9
200,9
201,9
202,9
203,9
295,9
296,9
297,9
298,9
299,9
317,9
318,9
319,9
494,9
2,10
175,10
176,10
177,10
178,10
194,10
195,10
196,10
197,10
198,10
300,10
301,10
302,10
303,10
320,10
321,10
322,10
323,10
494,10
2,11
172,11
173,11
174,11
190,11
191,11
192,11
193,11
304,11
305,11
306,11
307,11
308,11
324,11
325,11
326,11
494,11
2,12
170,12
171,12
187,12
188,12
189,12
309,12
310,12
311,12
312,12
327,12
328,12
329,12
494,12
2,13
167,13
168,13
169,13
183,13
184,13
185,13
186,13
313,13
314,13
315,13
330,13
331,13
494,13
2,14
164,14
165,14
166,14
179,14
180,14
181,14
182,14
316,14
317,14
318,14
319,14
332,14
333,14
334,14
494,14
2,15
161,15
162,15
163,15
176,15
177,15
178,15
320,15
321,15
322,15
335,15
336,15
337,15
494,15
2,16
159,16
160,16
173,16
174,16
175,16
323,16
324,16
325,16
338,16
339,16
494,16
2,17
156,17
157,17
158,17
170,17
171,17
172,17
326,17
327,17
328,17
340,17
341,17
342,17
494,17
2,18
154,18
155,18
167,18
168,18
169,18
329,18
330,18
331,18
343,18
344,18
345,18
494,18
2,19
151,19
152,19
153,19
165,19
166,19
332,19
333,19
346,19
347,19
494,19
2,20
149,20
150,20
162,20
163,20
164,20
334,20
335,20
336,20
348,20
349,20
494,20
2,21
147,21
148,21
160,21
161,21
337,21
338,21
350,21
351,21
494,21
2,22
145,22
146,22
157,22
158,22
159,22
339,22
340,22
341,22
352,22
353,22
494,22
2,23
142,23
143,23
144,23
155,23
156,23
342,23
343,23
354,23
355,23
356,23
494,23
2,24
140,24
141,24
152,24
153,24
154,24
344,24
345,24
346,24
357,24
358,24
494,24
2,25
138,25
139,25
150,25
151,25
347,25
348,25
359,25
360,25
494,25
2,26
136,26
137,26
148,26
149,26
349,26
350,26
361,26
362,26
494,26
2,27
135,27
136,27
146,27
147,27
351,27
352,27
363,27
364,27
494,27
2,28
133,28
134,28
144,28
145,28
353,28
354,28
355,28
365,28
366,28
494,28
2,29
131,29
132,29
142,29
143,29
356,29
357,29
366,29
367,29
494,29
2,30
129,30
130,30
140,30
141,30
357,30
358,30
368,30
369,30
494,30
2,31
127,31
128,31
138,31
139,31
359,31
360,31
370,31
371,31
494,31
2,32
125,32
126,32
136,32
137,32
361,32
362,32
372,32
373,32
494,32
2,33
124,33
125,33
134,33
135,33
363,33
364,33
374,33
375,33
494,33
2,34
122,34
123,34
132,34
133,34
365,34
366,34
375,34
376,34
494,34
2,35
120,35
121,35
130,35
131,35
367,35
368,35
377,35
378,35
494,35
2,36
118,36
119,36
128,36
129,36
369,36
370,36
379,36
380,36
494,36
2,37
117,37
118,37
127,37
128,37
370,37
371,37
380,37
381,37
494,37
2,38
115,38
116,38
125,38
126,38
372,38
373,38
382,38
383,38
494,38
2,39
114,39
115,39
123,39
124,39
374,39
375,39
383,39
384,39
494,39
2,40
112,40
113,40
121,40
122,40
376,40
377,40
385,40
386,40
494,40
2,41
111,41
112,41
120,41
121,41
377,41
378,41
387,41
388,41
494,41
2,42
109,42
110,42
118,42
119,42
379,42
380,42
388,42
389,42
494,42
2,43
108,43
109,43
117,43
118,43
380,43
381,43
390,43
391,43
494,43
2,44
106,44
107,44
115,44
116,44
382,44
383,44
391,44
392,44
494,44
2,45
105,45
106,45
114,45
115,45
384,45
385,45
392,45
393,45
494,45
2,46
103,46
104,46
112,46
113,46
385,46
386,46
394,46
395,46
494,46
2,47
102,47
103,47
111,47
112,47
387,47
388,47
395,47
396,47
494,47
2,48
100,48
101,48
109,48
110,48
388,48
389,48
397,48
398,48
494,48
2,49
99,49
100,49
108,49
109,49
389,49
390,49
398,49
399,49
494,49
2,50
98,50
99,50
106,50
107,50
391,50
392,50
399,50
400,50
494,50
2,51
96,51
97,51
105,51
106,51
392,51
393,51
401,51
402,51
494,51
2,52
95,52
96,52
103,52
104,52
394,52
395,52
402,52
403,52
494,52
2,53
94,53
95,53
102,53
103,53
395,53
396,53
403,53
404,53
494,53
2,54
93,54
94,54
101,54
102,54
396,54
397,54
404,54
405,54
494,54
2,55
91,55
92,55
99,55
100,55
398,55
399,55
406,55
407,55
494,55
2,56
90,56
91,56
98,56
99,56
399,56
400,56
407,56
408,56
494,56
2,57
89,57
90,57
97,57
98,57
400,57
401,57
408,57
409,57
494,57
2,58
88,58
89,58
96,58
97,58
401,58
402,58
409,58
410,58
494,58
2,59
87,59
88,59
94,59
95,59
403,59
404,59
410,59
411,59
494,59
2,60
85,60
86,60
93,60
94,60
404,60
405,60
412,60
413,60
494,60
2,61
84,61
85,61
92,61
93,61
405,61
406,61
413,61
414,61
494,61
2,62
83,62
84,62
91,62
92,62
406,62
407,62
414,62
415,62
494,62
2,63
82,63
83,63
90,63
91,63
407,63
408,63
415,63
416,63
494,63
2,64
81,64
82,64
88,64
89,64
409,64
410,64
416,64
417,64
494,64
2,65
80,65
81,65
87,65
88,65
410,65
411,65
417,65
418,65
494,65
2,66
79,66
80,66
86,66
87,66
411,66
412,66
418,66
419,66
494,66
2,67
78,67
79,67
85,67
86,67
412,67
413,67
420,67
421,67
494,67
2,68
77,68
78,68
84,68
85,68
413,68
414,68
421,68
422,68
494,68
2,69
75,69
76,69
83,69
84,69
414,69
415,69
422,69
423,69
494,69
2,70
74,70
75,70
82,70
83,70
415,70
416,70
423,70
424,70
494,70
2,71
73,71
74,71
81,71
82,71
416,71
417,71
424,71
425,71
494,71
2,72
72,72
73,72
80,72
81,72
417,72
418,72
425,72
426,72
494,72
2,73
71,73
72,73
78,73
79,73
419,73
420,73
426,73
427,73
494,73
2,74
70,74
71,74
77,74
78,74
420,74
421,74
427,74
428,74
494,74
2,75
69,75
70,75
76,75
77,75
421,75
422,75
428,75
429,75
494,75
2,76
68,76
69,76
75,76
76,76
422,76
423,76
429,76
430,76
494,76
2,77
68,77
74,77
75,77
423,77
424,77
430,77
431,77
494,77
2,78
67,78
73,78
74,78
424,78
425,78
431,78
494,78
2,79
66,79
67,79
73,79
425,79
426,79
432,79
494,79
2,80
65,80
66,80
72,80
426,80
432,80
433,80
494,80
2,81
64,81
65,81
71,81
72,81
427,81
433,81
434,81
494,81
2,82
63,82
64,82
70,82
71,82
427,82
428,82
434,82
435,82
494,82
2,83
62,83
63,83
69,83
70,83
428,83
429,83
435,83
436,83
494,83
2,84
61,84
62,84
68,84
69,84
429,84
430,84
436,84
437,84
494,84
2,85
60,85
61,85
67,85
68,85
430,85
431,85
437,85
438,85
494,85
2,86
59,86
60,86
66,86
67,86
431,86
432,86
438,86
439,86
494,86
2,87
59,87
65,87
66,87
432,87
433,87
439,87
440,87
494,87
2,88
58,88
64,88
65,88
433,88
434,88
440,88
494,88
2,89
57,89
58,89
63,89
64,89
434,89
435,89
441,89
494,89
2,90
56,90
57,90
63,90
435,90
441,90
442,90
494,90
2,91
55,91
56,91
62,91
436,91
442,91
443,91
494,91
2,92
54,92
55,92
61,92
62,92
436,92
437,92
443,92
444,92
494,92
2,93
54,93
60,93
61,93
437,93
438,93
444,93
494,93
2,94
53,94
59,94
60,94
438,94
439,94
445,94
494,94
2,95
52,95
53,95
58,95
59,95
439,95
440,95
445,95
446,95
494,95
2,96
51,96
52,96
58,96
440,96
446,96
447,96
494,96
2,97
50,97
51,97
57,97
441,97
447,97
448,97
494,97
2,98
50,98
56,98
57,98
441,98
442,98
448,98
494,98
2,99
49,99
55,99
56,99
442,99
443,99
449,99
494,99
2,100
48,100
49,100
54,100
55,100
443,100
444,100
449,100
450,100
494,100
2,101
47,101
48,101
54,101
444,101
450,101
451,101
494,101
2,102
47,102
53,102
445,102
451,102
494,102
2,103
46,103
52,103
53,103
445,103
446,103
452,103
494,103
2,104
45,104
46,104
51,104
52,104
446,104
447,104
452,104
453,104
494,104
2,105
45,105
51,105
447,105
453,105
494,105
2,106
44,106
50,106
448,106
454,106
494,106
2,107
43,107
44,107
49,107
50,107
448,107
449,107
454,107
455,107
494,107
2,108
43,108
49,108
449,108
455,108
456,108
494,108
2,109
42,109
48,109
450,109
456,109
494,109
2,110
41,110
42,110
47,110
48,110
450,110
451,110
457,110
494,110
2,111
41,111
47,111
451,111
452,111
457,111
458,111
494,111
2,112
40,112
46,112
452,112
458,112
494,112
2,113
39,113
40,113
47,113
453,113
459,113
494,113
2,114
39,114
47,114
48,114
453,114
454,114
459,114
494,114
2,115
38,115
48,115
49,115
454,115
460,115
494,115
2,116
37,116
38,116
49,116
50,116
455,116
460,116
461,116
494,116
2,117
37,117
42,117
43,117
44,117
50,117
51,117
455,117
461,117
494,117
2,118
36,118
42,118
44,118
45,118
51,118
52,118
456,118
462,118
494,118
2,119
35,119
36,119
41,119
42,119
45,119
46,119
52,119
53,119
456,119
457,119
462,119
463,119
494,119
2,120
35,120
41,120
46,120
47,120
53,120
54,120
457,120
463,120
494,120
2,121
34,121
40,121
47,121
48,121
54,121
55,121
458,121
464,121
494,121
2,122
34,122
39,122
40,122
48,122
49,122
55,122
56,122
458,122
459,122
464,122
494,122
2,123
33,123
39,123
49,123
50,123
56,123
57,123
459,123
465,123
494,123
2,124
33,124
38,124
50,124
51,124
57,124
58,124
460,124
465,124
466,124
494,124
2,125
32,125
38,125
51,125
52,125
58,125
59,125
460,125
466,125
494,125
2,126
31,126
32,126
37,126
52,126
53,126
59,126
60,126
461,126
467,126
494,126
2,127
31,127
37,127
53,127
54,127
60,127
61,127
461,127
462,127
467,127
494,127
2,128
30,128
36,128
54,128
55,128
61,128
62,128
462,128
468,128
494,128
2,129
30,129
35,129
36,129
55,129
56,129
62,129
63,129
463,129
468,129
494,129
2,130
29,130
35,130
56,130
57,130
63,130
64,130
463,130
469,130
494,130
2,131
29,131
34,131
57,131
58,131
64,131
65,131
464,131
469,131
494,131
2,132
28,132
34,132
58,132
59,132
65,132
66,132
464,132
470,132
494,132
2,133
28,133
33,133
59,133
60,133
66,133
465,133
470,133
494,133
2,134
27,134
33,134
60,134
61,134
66,134
465,134
471,134
494,134
2,135
27,135
32,135
61,135
62,135
66,135
466,135
471,135
472,135
494,135
2,136
26,136
32,136
62,136
63,136
64,136
65,136
66,136
466,136
472,136
494,136
2,137
25,137
26,137
31,137
467,137
473,137
494,137
2,138
25,138
31,138
467,138
473,138
494,138
2,139
24,139
30,139
468,139
474,139
494,139
2,140
24,140
30,140
468,140
474,140
494,140
2,141
23,141
29,141
469,141
475,141
494,141
2,142
23,142
29,142
469,142
470,142
475,142
494,142
2,143
22,143
28,143
470,143
475,143
494,143
2,144
22,144
28,144
470,144
476,144
494,144
2,145
22,145
27,145
471,145
476,145
494,145
2,146
21,146
27,146
471,146
477,146
494,146
2,147
21,147
26,147
472,147
477,147
494,147
2,148
20,148
26,148
472,148
478,148
494,148
2,149
20,149
25,149
473,149
478,149
494,149
2,150
19,150
25,150
473,150
479,150
494,150
2,151
19,151
24,151
474,151
479,151
494,151
2,152
18,152
24,152
474,152
480,152
494,152
2,153
18,153
23,153
474,153
480,153
494,153
2,154
18,154
23,154
475,154
480,154
494,154
2,155
17,155
23,155
475,155
481,155
494,155
2,156
17,156
22,156
476,156
481,156
494,156
2,157
16,157
22,157
476,157
481,157
494,157
2,158
16,158
21,158
476,158
482,158
494,158
2,159
16,159
21,159
477,159
482,159
494,159
2,160
15,160
21,160
477,160
483,160
494,160
2,161
15,161
20,161
478,161
483,161
494,161
2,162
14,162
20,162
478,162
483,162
494,162
2,163
14,163
19,163
478,163
484,163
494,163
2,164
14,164
19,164
479,164
484,164
494,164
2,165
13,165
19,165
479,165
485,165
494,165
2,166
13,166
18,166
480,166
485,166
494,166
2,167
13,167
18,167
480,167
485,167
494,167
2,168
12,168
17,168
480,168
486,168
494,168
2,169
12,169
17,169
481,169
486,169
494,169
2,170
12,170
17,170
481,170
486,170
494,170
2,171
11,171
16,171
481,171
487,171
494,171
2,172
11,172
16,172
482,172
487,172
494,172
2,173
10,173
16,173
482,173
487,173
494,173
2,174
10,174
15,174
482,174
488,174
494,174
2,175
10,175
15,175
483,175
488,175
494,175
2,176
9,176
15,176
483,176
488,176
494,176
2,177
9,177
14,177
483,177
488,177
494,177
2,178
9,178
14,178
484,178
489,178
494,178
2,179
9,179
14,179
484,179
489,179
494,179
2,180
8,180
13,180
484,180
489,180
494,180
2,181
8,181
13,181
484,181
490,181
494,181
2,182
8,182
13,182
485,182
490,182
494,182
2,183
7,183
13,183
485,183
490,183
494,183
2,184
7,184
12,184
485,184
490,184
494,184
2,185
7,185
12,185
486,185
491,185
494,185
2,186
7,186
12,186
486,186
491,186
494,186
2,187
6,187
11,187
486,187
491,187
494,187
2,188
6,188
11,188
486,188
491,188
494,188
2,189
6,189
11,189
487,189
492,189
494,189
2,190
6,190
11,190
487,190
492,190
2,191
5,191
10,191
487,191
492,191
2,192
5,192
10,192
487,192
492,192
2,193
5,193
10,193
488,193
493,193
2,194
5,194
10,194
488,194
493,194
495,194
2,195
10,195
488,195
493,195
495,195
2,196
9,196
488,196
493,196
495,196
2,197
4,197
9,197
488,197
493,197
494,197
495,197
2,198
4,198
9,198
489,198
2,199
4,199
9,199
489,199
2,200
4,200
8,200
489,200
2,201
4,201
8,201
489,201
2,202
4,202
8,202
489,202
2,203
3,203
4,203
8,203
490,203
8,204
490,204
7,205
490,205
7,206
490,206
7,207
490,207
7,208
491,208
7,209
491,209
7,210
491,210
6,211
491,211
6,212
491,212
6,213
491,213
6,214
491,214
6,215
492,215
6,216
492,216
5,217
492,217
5,218
492,218
5,219
492,219
5,220
492,220
5,221
492,221
5,222
493,222
5,223
493,223
4,224
493,224
4,225
493,225
4,226
493,226
4,227
493,227
4,228
493,228
4,229
493,229
4,230
493,230
4,231
493,231
4,232
493,232
4,233
493,233
4,234
494,234
4,235
494,235
3,236
494,236
3,237
494,237
3,238
494,238
3,239
494,239
2,240
494,240
2,241
494,241
2,242
494,242
2,243
494,243
2,244
494,244
2,245
494,245
2,246
494,246
2,247
494,247
2,248
494,248
2,249
494,249
2,250
494,250
2,251
494,251
2,252
494,252
2,253
494,253
2,254
494,254
2,255
494,255
2,256
494,256
2,257
494,257
2,258
494,258
2,259
494,259
2,260
494,260
2,261
494,261
2,262
494,262
2,263
494,263
2,264
494,264
2,265
494,265
2,266
494,266
2,267
494,267
2,268
494,268
2,269
494,269
2,270
494,270
2,271
494,271
2,272
494,272
2,273
494,273
2,274
494,274
2,275
494,275
2,276
494,276
2,277
494,277
2,278
494,278
2,279
494,279
2,280
494,280
2,281
494,281
2,282
494,282
2,283
494,283
2,284
494,284
2,285
494,285
2,286
494,286
2,287
494,287
2,288
494,288
2,289
494,289
2,290
494,290
2,291
494,291
2,292
494,292
2,293
494,293
2,294
494,294
2,295
494,295
2,296
494,296
2,297
494,297
2,298
494,298
2,299
494,299
2,300
494,300
2,301
494,301
2,302
494,302
2,303
494,303
2,304
494,304
2,305
494,305
2,306
494,306
2,307
494,307
2,308
494,308
2,309
494,309
2,310
494,310
2,311
494,311
2,312
494,312
2,313
494,313
2,314
494,314
2,315
494,315
2,316
494,316
2,317
494,317
2,318
494,318
2,319
494,319
2,320
494,320
2,321
494,321
2,322
494,322
2,323
494,323
2,324
494,324
2,325
494,325
2,326
494,326
2,327
494,327
2,328
494,328
2,329
494,329
2,330
494,330
2,331
494,331
2,332
494,332
2,333
494,333
2,334
494,334
2,335
494,335
2,336
494,336
2,337
494,337
2,338
494,338
2,339
494,339
2,340
494,340
2,341
494,341
2,342
462,342
494,342
2,343
460,343
461,343
463,343
464,343
494,343
2,344
460,344
464,344
494,344
2,345
459,345
464,345
494,345
2,346
459,346
464,346
494,346
2,347
459,347
464,347
494,347
2,348
459,348
464,348
494,348
2,349
459,349
464,349
494,349
2,350
459,350
464,350
494,350
2,351
459,351
464,351
494,351
2,352
459,352
464,352
494,352
2,353
459,353
464,353
494,353
2,354
459,354
464,354
494,354
2,355
459,355
464,355
494,355
2,356
459,356
464,356
494,356
2,357
459,357
464,357
494,357
2,358
459,358
464,358
494,358
2,359
459,359
464,359
494,359
2,360
459,360
464,360
494,360
2,361
459,361
464,361
494,361
2,362
459,362
464,362
494,362
2,363
459,363
464,363
494,363
2,364
459,364
464,364
494,364
2,365
459,365
464,365
494,365
2,366
459,366
464,366
494,366
2,367
459,367
464,367
494,367
2,368
459,368
464,368
494,368
2,369
459,369
464,369
494,369
2,370
459,370
464,370
494,370
2,371
459,371
464,371
494,371
2,372
459,372
464,372
494,372
2,373
459,373
464,373
494,373
2,374
459,374
464,374
494,374
2,375
459,375
464,375
494,375
2,376
459,376
464,376
494,376
2,377
459,377
464,377
494,377
2,378
459,378
464,378
494,378
2,379
459,379
464,379
494,379
2,380
459,380
464,380
494,380
2,381
459,381
464,381
494,381
2,382
459,382
464,382
494,382
2,383
459,383
464,383
494,383
2,384
459,384
464,384
494,384
2,385
459,385
464,385
494,385
2,386
459,386
464,386
494,386
2,387
459,387
464,387
494,387
2,388
459,388
464,388
494,388
2,389
459,389
464,389
494,389
2,390
459,390
464,390
494,390
2,391
459,391
464,391
494,391
2,392
459,392
464,392
494,392
2,393
459,393
464,393
494,393
2,394
459,394
464,394
494,394
2,395
459,395
464,395
494,395
2,396
459,396
464,396
494,396
2,397
459,397
464,397
494,397
2,398
459,398
464,398
494,398
2,399
459,399
464,399
494,399
2,400
459,400
464,400
494,400
2,401
459,401
464,401
494,401
2,402
459,402
464,402
494,402
2,403
459,403
464,403
494,403
2,404
459,404
464,404
494,404
2,405
459,405
464,405
494,405
2,406
459,406
464,406
494,406
2,407
459,407
464,407
494,407
2,408
459,408
464,408
494,408
2,409
459,409
464,409
494,409
2,410
459,410
464,410
494,410
2,411
459,411
464,411
494,411
2,412
459,412
464,412
494,412
2,413
459,413
464,413
494,413
2,414
459,414
464,414
494,414
2,415
459,415
464,415
494,415
2,416
459,416
464,416
494,416
2,417
459,417
464,417
494,417
2,418
459,418
464,418
494,418
2,419
459,419
464,419
494,419
2,420
459,420
464,420
494,420
2,421
459,421
464,421
494,421
2,422
459,422
464,422
494,422
2,423
459,423
464,423
494,423
2,424
459,424
464,424
494,424
2,425
459,425
464,425
494,425
2,426
459,426
464,426
494,426
2,427
459,427
464,427
494,427
2,428
459,428
464,428
494,428
2,429
459,429
464,429
494,429
2,430
459,430
464,430
494,430
2,431
459,431
464,431
494,431
2,432
459,432
464,432
494,432
2,433
459,433
464,433
494,433
2,434
459,434
464,434
494,434
2,435
459,435
464,435
494,435
2,436
459,436
464,436
494,436
2,437
459,437
464,437
494,437
2,438
459,438
464,438
494,438
2,439
459,439
464,439
494,439
2,440
459,440
464,440
494,440
2,441
459,441
464,441
494,441
2,442
459,442
464,442
494,442
2,443
459,443
464,443
494,443
2,444
459,444
464,444
494,444
2,445
459,445
464,445
494,445
2,446
459,446
464,446
494,446
2,447
459,447
464,447
494,447
2,448
459,448
464,448
494,448
2,449
459,449
464,449
494,449
2,450
459,450
464,450
494,450
2,451
459,451
464,451
494,451
2,452
459,452
464,452
494,452
2,453
459,453
464,453
494,453
2,454
459,454
464,454
494,454
2,455
459,455
464,455
494,455
2,456
459,456
464,456
494,456
2,457
459,457
464,457
494,457
2,458
459,458
464,458
494,458
2,459
459,459
464,459
494,459
2,460
459,460
464,460
494,460
2,461
459,461
464,461
494,461
2,462
459,462
464,462
494,462
2,463
459,463
464,463
494,463
2,464
459,464
464,464
494,464
2,465
459,465
464,465
494,465
2,466
459,466
464,466
494,466
2,467
459,467
464,467
494,467
2,468
459,468
464,468
494,468
2,469
459,469
464,469
494,469
2,470
459,470
464,470
494,470
2,471
459,471
464,471
494,471
2,472
459,472
464,472
494,472
2,473
459,473
464,473
494,473
2,474
459,474
464,474
494,474
2,475
459,475
464,475
494,475
2,476
459,476
464,476
494,476
2,477
459,477
464,477
494,477
2,478
459,478
464,478
494,478
2,479
459,479
464,479
494,479
2,480
459,480
464,480
494,480
2,481
459,481
464,481
494,481
2,482
459,482
464,482
494,482
2,483
459,483
464,483
494,483
2,484
459,484
464,484
494,484
2,485
459,485
464,485
494,485
2,486
459,486
464,486
494,486
2,487
459,487
464,487
494,487
2,488
459,488
464,488
494,488
2,489
459,489
464,489
494,489
2,490
459,490
464,490
494,490
2,491
459,491
464,491
494,491
2,492
459,492
464,492
494,492
2,493
459,493
464,493
494,493
2,494
459,494
464,494
494,494
2,495
459,495
464,495
494,495
2,496
459,496
464,496
494,496
2,497
459,497
464,497
494,497
2,498
459,498
464,498
494,498
2,499
459,499
464,499
494,499
2,500
459,500
464,500
494,500
2,501
459,501
464,501
494,501
2,502
459,502
464,502
494,502
2,503
459,503
464,503
494,503
2,504
459,504
464,504
494,504
2,505
459,505
464,505
494,505
2,506
459,506
464,506
494,506
2,507
459,507
464,507
494,507
2,508
459,508
464,508
494,508
2,509
459,509
464,509
494,509
2,510
459,510
464,510
494,510
2,511
459,511
464,511
494,511
2,512
459,512
464,512
494,512
2,513
459,513
464,513
494,513
2,514
459,514
464,514
494,514
2,515
459,515
464,515
494,515
2,516
459,516
464,516
494,516
2,517
459,517
464,517
494,517
2,518
459,518
464,518
494,518
2,519
459,519
464,519
494,519
2,520
459,520
464,520
494,520
2,521
459,521
464,521
494,521
2,522
459,522
464,522
494,522
2,523
459,523
464,523
494,523
2,524
459,524
464,524
494,524
2,525
459,525
464,525
494,525
2,526
459,526
464,526
494,526
2,527
459,527
464,527
494,527
2,528
459,528
464,528
494,528
2,529
459,529
464,529
494,529
2,530
459,530
464,530
494,530
2,531
459,531
464,531
494,531
2,532
459,532
464,532
494,532
2,533
459,533
464,533
494,533
2,534
459,534
464,534
494,534
2,535
459,535
464,535
494,535
2,536
459,536
464,536
494,536
2,537
459,537
464,537
494,537
2,538
459,538
464,538
494,538
2,539
459,539
464,539
494,539
2,540
459,540
464,540
494,540
2,541
459,541
464,541
494,541
2,542
459,542
464,542
494,542
2,543
459,543
464,543
494,543
2,544
459,544
464,544
494,544
2,545
459,545
464,545
494,545
2,546
459,546
464,546
494,546
2,547
459,547
464,547
494,547
2,548
459,548
464,548
494,548
2,549
459,549
464,549
494,549
2,550
459,550
464,550
494,550
2,551
459,551
464,551
494,551
2,552
459,552
464,552
494,552
2,553
459,553
464,553
494,553
2,554
459,554
464,554
494,554
2,555
459,555
464,555
494,555
2,556
459,556
464,556
494,556
2,557
459,557
464,557
494,557
2,558
459,558
464,558
494,558
2,559
459,559
464,559
494,559
2,560
459,560
464,560
494,560
2,561
459,561
464,561
494,561
2,562
459,562
464,562
494,562
2,563
459,563
464,563
494,563
2,564
459,564
464,564
494,564
2,565
459,565
464,565
494,565
2,566
459,566
464,566
494,566
2,567
459,567
464,567
494,567
2,568
459,568
464,568
494,568
2,569
459,569
464,569
494,569
2,570
459,570
464,570
494,570
2,571
459,571
464,571
494,571
2,572
459,572
464,572
494,572
2,573
459,573
464,573
494,573
2,574
459,574
464,574
494,574
2,575
459,575
464,575
494,575
2,576
459,576
464,576
494,576
2,577
459,577
464,577
494,577
2,578
459,578
464,578
494,578
2,579
459,579
464,579
494,579
2,580
459,580
464,580
494,580
2,581
459,581
464,581
494,581
2,582
459,582
464,582
494,582
2,583
459,583
464,583
494,583
2,584
459,584
464,584
494,584
2,585
459,585
464,585
494,585
2,586
459,586
464,586
494,586
2,587
459,587
464,587
494,587
2,588
459,588
464,588
494,588
2,589
459,589
464,589
494,589
2,590
459,590
464,590
494,590
2,591
459,591
464,591
494,591
2,592
459,592
464,592
494,592
2,593
459,593
464,593
494,593
2,594
459,594
464,594
494,594
2,595
459,595
464,595
494,595
2,596
459,596
464,596
494,596
2,597
459,597
464,597
494,597
2,598
459,598
464,598
494,598
2,599
459,599
464,599
494,599
2,600
459,600
464,600
494,600
2,601
459,601
464,601
494,601
2,602
459,602
464,602
494,602
2,603
459,603
464,603
494,603
2,604
459,604
464,604
494,604
2,605
459,605
464,605
494,605
2,606
459,606
464,606
494,606
2,607
459,607
464,607
494,607
2,608
459,608
464,608
494,608
2,609
459,609
464,609
494,609
2,610
459,610
464,610
494,610
2,611
459,611
464,611
494,611
2,612
459,612
464,612
494,612
2,613
459,613
464,613
494,613
2,614
459,614
464,614
494,614
2,615
459,615
464,615
494,615
2,616
459,616
464,616
494,616
2,617
459,617
464,617
494,617
2,618
459,618
464,618
494,618
2,619
459,619
464,619
494,619
2,620
459,620
464,620
494,620
2,621
459,621
464,621
494,621
2,622
459,622
464,622
494,622
2,623
459,623
464,623
494,623
2,624
459,624
464,624
494,624
2,625
459,625
464,625
494,625
2,626
459,626
464,626
494,626
2,627
459,627
464,627
494,627
2,628
459,628
464,628
494,628
2,629
459,629
464,629
494,629
2,630
459,630
464,630
494,630
2,631
459,631
464,631
494,631
2,632
459,632
464,632
494,632
2,633
459,633
464,633
494,633
2,634
459,634
464,634
494,634
2,635
460,635
465,635
494,635
2,636
460,636
465,636
494,636
2,637
460,637
465,637
494,637
2,638
460,638
465,638
495,638
2,639
460,639
465,639
495,639
2,640
421,640
422,640
423,640
424,640
460,640
465,640
495,640
2,641
421,641
424,641
460,641
465,641
495,641
2,642
420,642
424,642
460,642
465,642
495,642
2,643
38,643
39,643
40,643
41,643
420,643
424,643
460,643
465,643
495,643
2,644
38,644
41,644
80,644
81,644
376,644
377,644
420,644
424,644
460,644
465,644
495,644
2,645
37,645
41,645
79,645
82,645
375,645
420,645
424,645
460,645
465,645
495,645
2,646
37,646
41,646
79,646
82,646
375,646
377,646
420,646
424,646
460,646
465,646
495,646
2,647
37,647
41,647
79,647
82,647
374,647
377,647
420,647
425,647
460,647
465,647
495,647
2,648
37,648
41,648
79,648
83,648
374,648
377,648
420,648
425,648
460,648
465,648
495,648
2,649
37,649
41,649
79,649
83,649
374,649
377,649
420,649
425,649
460,649
465,649
495,649
2,650
37,650
41,650
79,650
84,650
373,650
377,650
420,650
425,650
460,650
465,650
495,650
2,651
37,651
41,651
79,651
84,651
373,651
377,651
420,651
425,651
460,651
465,651
495,651
2,652
37,652
41,652
79,652
84,652
372,652
377,652
420,652
425,652
460,652
465,652
495,652
2,653
37,653
41,653
79,653
85,653
372,653
377,653
420,653
425,653
460,653
465,653
495,653
2,654
37,654
41,654
79,654
85,654
372,654
377,654
420,654
425,654
460,654
465,654
495,654
2,655
37,655
41,655
79,655
86,655
371,655
377,655
420,655
425,655
460,655
465,655
495,655
2,656
37,656
41,656
79,656
83,656
86,656
371,656
374,656
377,656
420,656
425,656
460,656
465,656
495,656
2,657
37,657
41,657
79,657
82,657
84,657
86,657
370,657
373,657
375,657
377,657
420,657
425,657
460,657
465,657
495,657
2,658
37,658
41,658
79,658
82,658
84,658
87,658
370,658
373,658
375,658
377,658
420,658
425,658
460,658
465,658
495,658
2,659
37,659
41,659
79,659
82,659
84,659
87,659
370,659
373,659
377,659
420,659
425,659
460,659
465,659
495,659
2,660
37,660
41,660
79,660
82,660
87,660
369,660
372,660
377,660
421,660
425,660
460,660
465,660
495,660
2,661
37,661
41,661
79,661
82,661
85,661
88,661
369,661
372,661
377,661
421,661
425,661
460,661
465,661
495,661
2,662
37,662
41,662
79,662
82,662
85,662
88,662
369,662
372,662
374,662
377,662
421,662
425,662
460,662
465,662
495,662
2,663
37,663
41,663
79,663
82,663
85,663
89,663
368,663
371,663
374,663
377,663
421,663
425,663
460,663
465,663
495,663
2,664
37,664
41,664
79,664
82,664
86,664
89,664
368,664
371,664
374,664
377,664
421,664
425,664
460,664
465,664
495,664
2,665
37,665
41,665
79,665
82,665
86,665
89,665
367,665
371,665
374,665
377,665
421,665
425,665
460,665
465,665
495,665
2,666
37,666
41,666
79,666
82,666
86,666
90,666
367,666
370,666
374,666
377,666
421,666
425,666
460,666
465,666
495,666
2,667
37,667
41,667
79,667
82,667
87,667
90,667
367,667
370,667
374,667
377,667
421,667
425,667
460,667
465,667
495,667
2,668
37,668
41,668
79,668
82,668
87,668
90,668
366,668
370,668
374,668
377,668
421,668
425,668
460,668
465,668
495,668
2,669
37,669
41,669
79,669
82,669
87,669
91,669
366,669
369,669
374,669
377,669
421,669
425,669
460,669
465,669
495,669
2,670
37,670
41,670
79,670
82,670
88,670
91,670
366,670
369,670
374,670
377,670
421,670
425,670
460,670
465,670
495,670
2,671
37,671
41,671
79,671
82,671
88,671
91,671
365,671
369,671
374,671
377,671
421,671
425,671
460,671
465,671
495,671
2,672
37,672
41,672
79,672
82,672
89,672
92,672
365,672
368,672
374,672
377,672
421,672
425,672
460,672
465,672
495,672
2,673
37,673
41,673
79,673
82,673
89,673
92,673
365,673
368,673
374,673
377,673
421,673
425,673
460,673
465,673
495,673
2,674
37,674
41,674
79,674
82,674
89,674
92,674
364,674
367,674
374,674
377,674
421,674
425,674
460,674
465,674
495,674
2,675
37,675
41,675
79,675
82,675
90,675
93,675
364,675
367,675
374,675
377,675
421,675
425,675
460,675
465,675
495,675
2,676
37,676
41,676
79,676
82,676
90,676
93,676
364,676
367,676
374,676
377,676
421,676
425,676
460,676
465,676
495,676
2,677
37,677
41,677
79,677
82,677
90,677
94,677
363,677
366,677
374,677
377,677
421,677
425,677
460,677
465,677
495,677
2,678
37,678
41,678
79,678
82,678
91,678
94,678
363,678
366,678
374,678
377,678
421,678
425,678
460,678
465,678
495,678
2,679
37,679
41,679
79,679
82,679
91,679
94,679
362,679
366,679
374,679
377,679
421,679
425,679
460,679
465,679
495,679
2,680
37,680
41,680
79,680
82,680
91,680
95,680
362,680
365,680
374,680
377,680
421,680
425,680
460,680
465,680
495,680
2,681
37,681
41,681
79,681
82,681
92,681
95,681
362,681
365,681
374,681
377,681
421,681
425,681
460,681
465,681
495,681
2,682
37,682
41,682
79,682
82,682
92,682
95,682
361,682
365,682
374,682
377,682
421,682
425,682
460,682
465,682
495,682
2,683
37,683
41,683
79,683
82,683
92,683
96,683
361,683
364,683
374,683
377,683
421,683
425,683
460,683
465,683
495,683
2,684
37,684
41,684
79,684
82,684
93,684
96,684
361,684
364,684
374,684
377,684
421,684
425,684
460,684
465,684
495,684
2,685
37,685
41,685
79,685
82,685
93,685
96,685
360,685
364,685
374,685
377,685
421,685
425,685
460,685
465,685
495,685
2,686
37,686
41,686
79,686
82,686
94,686
97,686
360,686
363,686
374,686
377,686
421,686
425,686
460,686
465,686
495,686
2,687
37,687
41,687
79,687
82,687
94,687
97,687
360,687
363,687
374,687
377,687
421,687
425,687
460,687
465,687
495,687
2,688
37,688
41,688
79,688
82,688
94,688
97,688
359,688
362,688
374,688
377,688
421,688
425,688
460,688
465,688
495,688
2,689
37,689
41,689
79,689
82,689
95,689
98,689
359,689
362,689
374,689
377,689
421,689
425,689
460,689
465,689
495,689
2,690
37,690
41,690
79,690
82,690
95,690
98,690
359,690
362,690
374,690
377,690
421,690
425,690
460,690
465,690
495,690
2,691
37,691
41,691
79,691
82,691
95,691
99,691
358,691
361,691
374,691
377,691
421,691
425,691
460,691
465,691
495,691
2,692
37,692
41,692
79,692
82,692
96,692
99,692
358,692
361,692
374,692
377,692
421,692
425,692
460,692
465,692
495,692
2,693
37,693
41,693
79,693
82,693
96,693
99,693
357,693
361,693
374,693
377,693
421,693
425,693
460,693
465,693
495,693
2,694
37,694
41,694
79,694
82,694
96,694
100,694
357,694
360,694
374,694
377,694
421,694
425,694
460,694
465,694
495,694
2,695
37,695
41,695
79,695
82,695
97,695
100,695
357,695
360,695
374,695
377,695
421,695
425,695
460,695
465,695
495,695
2,696
37,696
41,696
79,696
82,696
97,696
100,696
356,696
360,696
374,696
377,696
421,696
425,696
460,696
465,696
495,696
2,697
37,697
41,697
79,697
82,697
97,697
101,697
356,697
359,697
374,697
377,697
421,697
425,697
460,697
465,697
495,697
2,698
37,698
41,698
79,698
82,698
98,698
101,698
356,698
359,698
374,698
377,698
421,698
425,698
460,698
465,698
495,698
2,699
37,699
41,699
79,699
82,699
98,699
101,699
355,699
359,699
374,699
377,699
421,699
425,699
460,699
465,699
495,699
2,700
37,700
41,700
79,700
82,700
99,700
102,700
355,700
358,700
374,700
377,700
421,700
425,700
460,700
465,700
495,700
2,701
37,701
41,701
79,701
82,701
99,701
102,701
355,701
358,701
374,701
377,701
421,701
425,701
460,701
465,701
495,701
2,702
37,702
41,702
79,702
82,702
99,702
102,702
354,702
357,702
374,702
377,702
421,702
425,702
460,702
465,702
495,702
2,703
37,703
41,703
79,703
82,703
100,703
103,703
354,703
357,703
374,703
377,703
421,703
425,703
460,703
465,703
495,703
2,704
37,704
41,704
79,704
82,704
100,704
103,704
354,704
357,704
374,704
377,704
421,704
425,704
460,704
465,704
495,704
2,705
37,705
41,705
79,705
82,705
100,705
104,705
353,705
356,705
374,705
377,705
421,705
425,705
460,705
465,705
495,705
2,706
37,706
41,706
79,706
82,706
101,706
104,706
353,706
356,706
374,706
377,706
421,706
425,706
460,706
465,706
495,706
2,707
37,707
41,707
79,707
82,707
101,707
104,707
352,707
356,707
374,707
377,707
421,707
425,707
460,707
465,707
495,707
2,708
37,708
41,708
79,708
82,708
101,708
105,708
352,708
355,708
374,708
377,708
421,708
425,708
460,708
465,708
495,708
2,709
37,709
41,709
79,709
82,709
102,709
105,709
352,709
355,709
374,709
377,709
421,709
425,709
460,709
465,709
495,709
2,710
37,710
41,710
79,710
82,710
102,710
105,710
351,710
355,710
374,710
377,710
421,710
425,710
460,710
465,710
495,710
2,711
37,711
41,711
79,711
82,711
102,711
106,711
351,711
354,711
374,711
377,711
421,711
425,711
460,711
465,711
495,711
2,712
37,712
41,712
79,712
82,712
103,712
106,712
351,712
354,712
374,712
377,712
421,712
425,712
460,712
465,712
495,712
2,713
37,713
41,713
79,713
82,713
103,713
106,713
350,713
354,713
374,713
377,713
421,713
425,713
460,713
465,713
495,713
2,714
37,714
41,714
79,714
82,714
104,714
107,714
350,714
353,714
374,714
377,714
421,714
425,714
460,714
465,714
495,714
2,715
37,715
41,715
79,715
82,715
104,715
107,715
350,715
353,715
374,715
377,715
421,715
425,715
460,715
465,715
495,715
2,716
37,716
41,716
79,716
82,716
104,716
107,716
349,716
352,716
374,716
377,716
421,716
425,716
460,716
465,716
495,716
2,717
37,717
41,717
79,717
82,717
105,717
108,717
349,717
352,717
374,717
377,717
421,717
425,717
460,717
465,717
495,717
2,718
37,718
41,718
79,718
82,718
105,718
108,718
349,718
352,718
374,718
377,718
421,718
425,718
460,718
465,718
495,718
2,719
37,719
41,719
79,719
82,719
105,719
108,719
348,719
351,719
374,719
377,719
421,719
425,719
460,719
465,719
495,719
2,720
37,720
41,720
79,720
82,720
106,720
109,720
348,720
351,720
374,720
377,720
421,720
425,720
460,720
465,720
495,720
2,721
37,721
41,721
79,721
83,721
106,721
109,721
348,721
351,721
374,721
377,721
421,721
425,721
460,721
465,721
495,721
2,722
37,722
41,722
79,722
83,722
84,722
106,722
110,722
347,722
350,722
373,722
374,722
377,722
421,722
425,722
460,722
465,722
495,722
2,723
37,723
41,723
80,723
84,723
85,723
107,723
110,723
347,723
350,723
372,723
373,723
377,723
421,723
425,723
460,723
465,723
495,723
2,724
37,724
41,724
80,724
81,724
85,724
86,724
107,724
110,724
346,724
350,724
371,724
372,724
376,724
377,724
421,724
425,724
460,724
465,724
495,724
2,725
37,725
41,725
81,725
82,725
86,725
87,725
107,725
111,725
346,725
349,725
370,725
371,725
375,725
376,725
421,725
425,725
460,725
465,725
495,725
2,726
37,726
41,726
82,726
83,726
87,726
88,726
108,726
111,726
346,726
349,726
369,726
370,726
374,726
375,726
421,726
425,726
460,726
465,726
495,726
2,727
37,727
41,727
83,727
84,727
88,727
89,727
108,727
111,727
345,727
349,727
368,727
369,727
373,727
374,727
421,727
425,727
460,727
465,727
495,727
2,728
37,728
41,728
84,728
85,728
89,728
90,728
108,728
112,728
345,728
348,728
367,728
368,728
372,728
373,728
421,728
425,728
460,728
465,728
495,728
2,729
37,729
41,729
85,729
86,729
90,729
91,729
109,729
112,729
345,729
348,729
366,729
367,729
371,729
372,729
421,729
425,729
460,729
465,729
495,729
2,730
37,730
41,730
86,730
87,730
91,730
92,730
109,730
112,730
344,730
348,730
365,730
366,730
370,730
371,730
421,730
425,730
460,730
465,730
495,730
2,731
37,731
41,731
87,731
88,731
92,731
93,731
109,731
113,731
344,731
347,731
364,731
365,731
369,731
370,731
421,731
425,731
460,731
465,731
495,731
2,732
37,732
41,732
88,732
89,732
93,732
94,732
110,732
113,732
344,732
347,732
363,732
364,732
368,732
369,732
421,732
425,732
460,732
465,732
495,732
2,733
37,733
41,733
89,733
90,733
94,733
95,733
110,733
113,733
343,733
347,733
362,733
363,733
367,733
368,733
421,733
425,733
460,733
465,733
495,733
2,734
37,734
41,734
90,734
91,734
95,734
96,734
111,734
114,734
343,734
346,734
361,734
362,734
366,734
367,734
421,734
425,734
460,734
465,734
495,734
2,735
37,735
41,735
91,735
92,735
96,735
97,735
111,735
114,735
343,735
346,735
360,735
361,735
365,735
366,735
421,735
425,735
460,735
465,735
495,735
2,736
37,736
41,736
92,736
93,736
97,736
98,736
111,736
115,736
342,736
345,736
359,736
360,736
364,736
365,736
421,736
425,736
460,736
465,736
495,736
2,737
37,737
41,737
93,737
94,737
98,737
99,737
112,737
115,737
342,737
345,737
358,737
359,737
363,737
364,737
420,737
425,737
460,737
465,737
495,737
2,738
37,738
41,738
94,738
95,738
99,738
100,738
112,738
115,738
341,738
345,738
357,738
358,738
362,738
363,738
419,738
420,738
425,738
460,738
465,738
495,738
2,739
37,739
42,739
95,739
96,739
100,739
101,739
112,739
116,739
341,739
344,739
356,739
357,739
361,739
362,739
418,739
419,739
425,739
460,739
465,739
495,739
2,740
37,740
42,740
43,740
96,740
97,740
101,740
102,740
113,740
116,740
341,740
344,740
355,740
356,740
360,740
361,740
417,740
418,740
425,740
460,740
465,740
495,740
2,741
37,741
43,741
44,741
97,741
98,741
102,741
103,741
113,741
116,741
340,741
344,741
354,741
355,741
359,741
360,741
416,741
417,741
425,741
460,741
465,741
495,741
2,742
37,742
44,742
45,742
98,742
99,742
103,742
104,742
113,742
117,742
340,742
343,742
353,742
354,742
358,742
359,742
415,742
416,742
425,742
460,742
465,742
495,742
2,743
37,743
45,743
46,743
99,743
100,743
104,743
105,743
114,743
117,743
340,743
343,743
352,743
353,743
357,743
358,743
414,743
415,743
419,743
420,743
421,743
425,743
460,743
465,743
495,743
2,744
37,744
46,744
47,744
100,744
101,744
105,744
106,744
114,744
117,744
339,744
343,744
351,744
352,744
356,744
357,744
413,744
414,744
418,744
419,744
421,744
425,744
460,744
465,744
495,744
2,745
37,745
41,745
42,745
43,745
47,745
48,745
101,745
102,745
106,745
107,745
114,745
118,745
339,745
342,745
350,745
351,745
355,745
356,745
412,745
413,745
417,745
418,745
421,745
425,745
460,745
465,745
495,745
2,746
37,746
41,746
43,746
44,746
48,746
49,746
102,746
103,746
107,746
108,746
115,746
118,746
339,746
342,746
349,746
350,746
354,746
355,746
411,746
412,746
416,746
417,746
421,746
425,746
460,746
465,746
495,746
2,747
37,747
41,747
44,747
45,747
49,747
50,747
103,747
104,747
108,747
109,747
115,747
118,747
338,747
342,747
348,747
349,747
353,747
354,747
410,747
411,747
415,747
416,747
421,747
425,747
460,747
465,747
495,747
2,748
37,748
41,748
45,748
46,748
50,748
51,748
104,748
105,748
109,748
110,748
116,748
119,748
338,748
341,748
347,748
348,748
352,748
353,748
409,748
410,748
414,748
415,748
421,748
425,748
460,748
465,748
495,748
2,749
37,749
41,749
46,749
47,749
51,749
52,749
105,749
106,749
110,749
111,749
116,749
119,749
338,749
341,749
346,749
347,749
351,749
352,749
408,749
409,749
413,749
414,749
421,749
425,749
460,749
465,749
495,749
2,750
37,750
41,750
47,750
48,750
52,750
53,750
106,750
107,750
111,750
112,750
116,750
120,750
337,750
340,750
345,750
346,750
350,750
351,750
407,750
408,750
412,750
413,750
421,750
425,750
460,750
465,750
495,750
2,751
37,751
41,751
48,751
49,751
53,751
54,751
107,751
108,751
112,751
113,751
117,751
120,751
337,751
340,751
344,751
345,751
349,751
350,751
406,751
407,751
411,751
412,751
421,751
425,751
460,751
465,751
495,751
2,752
37,752
41,752
49,752
50,752
54,752
55,752
108,752
109,752
113,752
114,752
117,752
120,752
336,752
340,752
343,752
344,752
348,752
349,752
405,752
406,752
410,752
411,752
421,752
425,752
460,752
465,752
495,752
2,753
37,753
41,753
50,753
51,753
55,753
56,753
109,753
110,753
114,753
115,753
117,753
121,753
336,753
339,753
342,753
343,753
347,753
348,753
404,753
405,753
409,753
410,753
421,753
425,753
460,753
465,753
495,753
2,754
37,754
41,754
51,754
52,754
56,754
57,754
110,754
111,754
115,754
116,754
118,754
121,754
336,754
339,754
341,754
342,754
346,754
347,754
403,754
404,754
408,754
409,754
421,754
425,754
460,754
465,754
495,754
2,755
37,755
41,755
52,755
53,755
57,755
58,755
111,755
112,755
116,755
121,755
335,755
338,755
341,755
345,755
346,755
402,755
403,755
407,755
408,755
421,755
425,755
460,755
465,755
495,755
2,756
37,756
41,756
53,756
54,756
58,756
59,756
112,756
113,756
117,756
122,756
335,756
338,756
340,756
344,756
345,756
401,756
402,756
406,756
407,756
421,756
424,756
460,756
465,756
495,756
2,757
37,757
41,757
54,757
55,757
59,757
60,757
113,757
114,757
122,757
335,757
343,757
344,757
400,757
401,757
405,757
406,757
421,757
424,757
460,757
465,757
495,757
2,758
37,758
41,758
55,758
56,758
60,758
61,758
114,758
115,758
122,758
334,758
342,758
343,758
399,758
400,758
404,758
405,758
421,758
424,758
460,758
465,758
495,758
2,759
37,759
41,759
56,759
57,759
61,759
62,759
115,759
116,759
123,759
334,759
341,759
342,759
398,759
399,759
403,759
404,759
421,759
424,759
460,759
465,759
495,759
2,760
37,760
41,760
57,760
58,760
62,760
63,760
116,760
117,760
123,760
334,760
340,760
341,760
397,760
398,760
402,760
403,760
421,760
424,760
460,760
465,760
495,760
2,761
37,761
41,761
58,761
59,761
63,761
64,761
117,761
118,761
123,761
333,761
339,761
340,761
396,761
397,761
401,761
402,761
420,761
424,761
460,761
465,761
495,761
2,762
37,762
41,762
59,762
60,762
64,762
65,762
118,762
119,762
124,762
333,762
338,762
339,762
395,762
396,762
400,762
401,762
419,762
420,762
424,762
460,762
465,762
495,762
2,763
37,763
41,763
60,763
61,763
65,763
66,763
119,763
120,763
124,763
333,763
337,763
338,763
394,763
395,763
399,763
400,763
418,763
419,763
423,763
424,763
460,763
465,763
495,763
2,764
37,764
42,764
61,764
62,764
66,764
67,764
120,764
121,764
124,764
332,764
336,764
337,764
393,764
394,764
398,764
399,764
417,764
418,764
422,764
423,764
460,764
465,764
495,764
2,765
38,765
42,765
43,765
62,765
63,765
67,765
68,765
121,765
122,765
123,765
124,765
333,765
334,765
335,765
336,765
392,765
393,765
397,765
398,765
416,765
417,765
421,765
422,765
460,765
465,765
495,765
2,766
38,766
39,766
43,766
44,766
63,766
64,766
68,766
69,766
391,766
392,766
396,766
397,766
415,766
416,766
420,766
421,766
460,766
465,766
495,766
2,767
39,767
40,767
44,767
45,767
64,767
65,767
69,767
70,767
390,767
391,767
395,767
396,767
414,767
415,767
419,767
420,767
460,767
465,767
495,767
2,768
40,768
41,768
45,768
46,768
65,768
66,768
70,768
71,768
389,768
390,768
394,768
395,768
413,768
414,768
418,768
419,768
460,768
465,768
495,768
2,769
41,769
42,769
46,769
47,769
66,769
67,769
71,769
72,769
388,769
389,769
393,769
394,769
412,769
413,769
417,769
418,769
460,769
465,769
495,769
2,770
42,770
43,770
47,770
48,770
67,770
68,770
72,770
73,770
387,770
388,770
392,770
393,770
411,770
412,770
416,770
417,770
460,770
465,770
495,770
2,771
43,771
44,771
48,771
49,771
68,771
69,771
73,771
74,771
386,771
387,771
391,771
392,771
410,771
411,771
415,771
416,771
460,771
465,771
495,771
2,772
44,772
45,772
49,772
50,772
69,772
70,772
74,772
75,772
385,772
386,772
390,772
391,772
409,772
410,772
414,772
415,772
460,772
465,772
495,772
2,773
45,773
46,773
50,773
51,773
70,773
71,773
75,773
76,773
384,773
385,773
389,773
390,773
408,773
409,773
413,773
414,773
460,773
465,773
495,773
2,774
46,774
47,774
51,774
52,774
71,774
72,774
76,774
77,774
383,774
384,774
388,774
389,774
407,774
408,774
412,774
413,774
460,774
465,774
495,774
2,775
47,775
48,775
52,775
53,775
72,775
73,775
77,775
78,775
382,775
383,775
387,775
388,775
406,775
407,775
411,775
412,775
460,775
465,775
495,775
2,776
48,776
49,776
53,776
54,776
73,776
74,776
78,776
79,776
381,776
382,776
386,776
387,776
405,776
406,776
410,776
411,776
460,776
465,776
495,776
2,777
49,777
50,777
54,777
55,777
74,777
75,777
79,777
80,777
380,777
381,777
385,777
386,777
404,777
405,777
409,777
410,777
460,777
465,777
495,777
2,778
50,778
51,778
55,778
56,778
75,778
76,778
80,778
81,778
379,778
380,778
384,778
385,778
403,778
404,778
408,778
409,778
460,778
465,778
495,778
2,779
51,779
52,779
56,779
57,779
76,779
77,779
81,779
82,779
378,779
379,779
383,779
384,779
402,779
403,779
407,779
408,779
460,779
465,779
495,779
2,780
52,780
53,780
57,780
58,780
77,780
78,780
82,780
83,780
377,780
378,780
382,780
383,780
401,780
402,780
406,780
407,780
460,780
465,780
495,780
2,781
53,781
54,781
58,781
59,781
78,781
79,781
83,781
84,781
376,781
377,781
381,781
382,781
400,781
401,781
405,781
406,781
460,781
465,781
495,781
2,782
54,782
55,782
59,782
60,782
79,782
80,782
84,782
85,782
375,782
376,782
380,782
381,782
399,782
400,782
404,782
405,782
460,782
465,782
495,782
2,783
55,783
56,783
60,783
61,783
80,783
81,783
85,783
86,783
374,783
375,783
379,783
380,783
398,783
399,783
403,783
404,783
460,783
465,783
495,783
2,784
56,784
57,784
61,784
62,784
81,784
82,784
86,784
87,784
373,784
374,784
378,784
379,784
397,784
398,784
402,784
403,784
460,784
465,784
495,784
2,785
57,785
58,785
62,785
63,785
82,785
83,785
87,785
88,785
372,785
373,785
377,785
378,785
396,785
397,785
401,785
402,785
460,785
465,785
495,785
2,786
58,786
59,786
63,786
64,786
83,786
84,786
88,786
89,786
371,786
372,786
376,786
377,786
395,786
396,786
400,786
401,786
460,786
465,786
495,786
2,787
59,787
60,787
64,787
65,787
84,787
85,787
89,787
90,787
370,787
371,787
375,787
376,787
394,787
395,787
399,787
400,787
460,787
465,787
495,787
2,788
60,788
61,788
65,788
66,788
85,788
86,788
90,788
91,788
369,788
370,788
374,788
375,788
393,788
394,788
398,788
399,788
460,788
465,788
495,788
2,789
61,789
62,789
66,789
67,789
86,789
87,789
91,789
92,789
368,789
369,789
373,789
374,789
392,789
393,789
397,789
398,789
460,789
465,789
495,789
2,790
62,790
63,790
67,790
68,790
87,790
88,790
92,790
93,790
367,790
368,790
372,790
373,790
391,790
392,790
396,790
397,790
460,790
465,790
495,790
2,791
63,791
64,791
68,791
69,791
88,791
89,791
93,791
94,791
366,791
367,791
371,791
372,791
390,791
391,791
395,791
396,791
460,791
465,791
495,791
2,792
64,792
65,792
69,792
70,792
89,792
90,792
94,792
95,792
365,792
366,792
370,792
371,792
389,792
390,792
394,792
395,792
460,792
465,792
495,792
2,793
65,793
66,793
70,793
71,793
90,793
91,793
95,793
96,793
364,793
365,793
369,793
370,793
388,793
389,793
393,793
394,793
460,793
465,793
495,793
2,794
66,794
67,794
71,794
72,794
91,794
92,794
96,794
97,794
363,794
364,794
368,794
369,794
387,794
388,794
392,794
393,794
460,794
465,794
495,794
2,795
67,795
68,795
72,795
73,795
92,795
93,795
97,795
98,795
362,795
363,795
367,795
368,795
386,795
387,795
391,795
392,795
460,795
465,795
495,795
2,796
68,796
69,796
73,796
74,796
93,796
94,796
98,796
99,796
361,796
362,796
366,796
367,796
385,796
386,796
390,796
391,796
460,796
465,796
495,796
2,797
69,797
70,797
74,797
75,797
94,797
95,797
99,797
100,797
360,797
361,797
365,797
366,797
384,797
385,797
389,797
390,797
460,797
465,797
495,797
2,798
70,798
71,798
75,798
76,798
95,798
96,798
100,798
101,798
359,798
360,798
364,798
365,798
383,798
384,798
388,798
389,798
460,798
465,798
495,798
2,799
71,799
72,799
76,799
77,799
96,799
97,799
101,799
102,799
358,799
359,799
363,799
364,799
382,799
383,799
387,799
388,799
460,799
465,799
495,799
2,800
72,800
73,800
77,800
78,800
97,800
98,800
102,800
103,800
357,800
358,800
362,800
363,800
381,800
382,800
386,800
387,800
460,800
465,800
495,800
2,801
73,801
74,801
78,801
79,801
98,801
99,801
103,801
104,801
356,801
357,801
361,801
362,801
380,801
381,801
385,801
386,801
460,801
465,801
495,801
2,802
74,802
75,802
79,802
80,802
99,802
100,802
104,802
105,802
355,802
356,802
360,802
361,802
379,802
380,802
384,802
385,802
460,802
465,802
495,802
2,803
75,803
76,803
80,803
81,803
100,803
101,803
105,803
106,803
354,803
355,803
359,803
360,803
378,803
379,803
383,803
384,803
460,803
465,803
495,803
2,804
76,804
77,804
81,804
82,804
101,804
102,804
106,804
107,804
353,804
354,804
358,804
359,804
377,804
378,804
382,804
383,804
460,804
465,804
495,804
2,805
77,805
78,805
82,805
83,805
102,805
103,805
107,805
108,805
352,805
353,805
357,805
358,805
376,805
377,805
381,805
382,805
460,805
465,805
495,805
3,806
78,806
79,806
83,806
84,806
103,806
104,806
108,806
109,806
351,806
352,806
356,806
357,806
375,806
376,806
380,806
381,806
460,806
465,806
495,806
3,807
4,807
79,807
80,807
84,807
85,807
104,807
105,807
109,807
110,807
350,807
351,807
355,807
356,807
374,807
375,807
379,807
380,807
460,807
465,807
495,807
4,808
5,808
80,808
81,808
85,808
86,808
105,808
106,808
110,808
111,808
349,808
350,808
354,808
355,808
373,808
374,808
378,808
379,808
459,808
465,808
495,808
5,809
6,809
81,809
82,809
86,809
87,809
106,809
107,809
111,809
112,809
348,809
349,809
353,809
354,809
372,809
373,809
377,809
378,809
457,809
458,809
465,809
495,809
6,810
7,810
82,810
83,810
87,810
88,810
107,810
108,810
112,810
113,810
347,810
348,810
352,810
353,810
371,810
372,810
376,810
377,810
456,810
457,810
465,810
495,810
7,811
8,811
83,811
84,811
88,811
89,811
108,811
109,811
113,811
114,811
346,811
347,811
351,811
352,811
370,811
371,811
375,811
376,811
455,811
456,811
465,811
495,811
8,812
9,812
84,812
85,812
89,812
90,812
109,812
110,812
114,812
115,812
345,812
346,812
350,812
351,812
369,812
370,812
374,812
375,812
454,812
455,812
465,812
495,812
9,813
10,813
85,813
86,813
90,813
91,813
110,813
111,813
115,813
116,813
344,813
345,813
349,813
350,813
368,813
369,813
373,813
374,813
453,813
454,813
465,813
495,813
2,814
3,814
4,814
10,814
11,814
86,814
87,814
91,814
92,814
111,814
112,814
116,814
117,814
343,814
344,814
348,814
349,814
367,814
368,814
372,814
373,814
452,814
453,814
465,814
495,814
2,815
4,815
5,815
11,815
12,815
87,815
88,815
92,815
93,815
112,815
113,815
117,815
118,815
342,815
343,815
347,815
348,815
366,815
367,815
371,815
372,815
451,815
452,815
458,815
459,815
460,815
465,815
495,815
2,816
5,816
6,816
12,816
13,816
88,816
89,816
93,816
94,816
113,816
114,816
118,816
119,816
341,816
342,816
346,816
347,816
365,816
366,816
370,816
371,816
450,816
451,816
457,816
458,816
460,816
465,816
495,816
2,817
6,817
7,817
13,817
14,817
89,817
90,817
94,817
95,817
114,817
115,817
119,817
120,817
340,817
341,817
345,817
346,817
364,817
365,817
369,817
370,817
449,817
450,817
456,817
457,817
460,817
465,817
495,817
2,818
7,818
8,818
14,818
15,818
90,818
91,818
95,818
96,818
115,818
116,818
120,818
121,818
339,818
340,818
344,818
345,818
363,818
364,818
368,818
369,818
448,818
449,818
455,818
456,818
460,818
465,818
495,818
2,819
8,819
9,819
15,819
16,819
91,819
92,819
96,819
97,819
116,819
117,819
121,819
122,819
338,819
339,819
343,819
344,819
362,819
363,819
367,819
368,819
447,819
448,819
454,819
455,819
460,819
465,819
495,819
2,820
9,820
10,820
16,820
17,820
92,820
93,820
97,820
98,820
117,820
118,820
122,820
123,820
337,820
338,820
342,820
343,820
361,820
362,820
366,820
367,820
446,820
447,820
453,820
454,820
460,820
465,820
495,820
2,821
10,821
11,821
17,821
18,821
93,821
94,821
98,821
99,821
118,821
119,821
123,821
124,821
336,821
337,821
341,821
342,821
360,821
361,821
365,821
366,821
445,821
446,821
452,821
453,821
460,821
465,821
495,821
2,822
11,822
12,822
18,822
19,822
94,822
95,822
99,822
100,822
119,822
120,822
124,822
125,822
335,822
336,822
340,822
341,822
359,822
360,822
364,822
365,822
444,822
445,822
451,822
452,822
460,822
465,822
495,822
2,823
12,823
13,823
19,823
20,823
95,823
96,823
100,823
101,823
120,823
121,823
125,823
126,823
334,823
335,823
339,823
340,823
358,823
359,823
363,823
364,823
443,823
444,823
450,823
451,823
460,823
465,823
495,823
2,824
13,824
14,824
20,824
21,824
96,824
97,824
101,824
102,824
121,824
122,824
126,824
127,824
333,824
334,824
338,824
339,824
357,824
358,824
362,824
363,824
442,824
443,824
449,824
450,824
460,824
465,824
495,824
2,825
14,825
15,825
21,825
22,825
97,825
98,825
102,825
103,825
122,825
123,825
127,825
128,825
332,825
333,825
337,825
338,825
356,825
357,825
361,825
362,825
441,825
442,825
448,825
449,825
460,825
465,825
494,825
2,826
15,826
16,826
22,826
23,826
98,826
99,826
103,826
104,826
123,826
124,826
128,826
129,826
331,826
332,826
336,826
337,826
355,826
356,826
360,826
361,826
440,826
441,826
447,826
448,826
460,826
465,826
494,826
2,827
16,827
17,827
23,827
24,827
99,827
100,827
104,827
105,827
124,827
125,827
129,827
330,827
331,827
335,827
336,827
354,827
355,827
359,827
360,827
439,827
440,827
446,827
447,827
460,827
465,827
494,827
2,828
17,828
18,828
24,828
25,828
100,828
101,828
105,828
106,828
125,828
126,828
129,828
330,828
334,828
335,828
353,828
354,828
358,828
359,828
438,828
439,828
445,828
446,828
460,828
465,828
494,828
2,829
18,829
19,829
25,829
26,829
101,829
102,829
106,829
107,829
126,829
127,829
129,829
329,829
333,829
334,829
352,829
353,829
357,829
358,829
437,829
438,829
444,829
445,829
460,829
465,829
494,829
2,830
19,830
20,830
26,830
27,830
102,830
103,830
107,830
108,830
127,830
128,830
329,830
332,830
333,830
351,830
352,830
356,830
357,830
436,830
437,830
443,830
444,830
460,830
465,830
494,830
2,831
20,831
21,831
27,831
28,831
103,831
104,831
108,831
109,831
128,831
329,831
331,831
332,831
350,831
351,831
355,831
356,831
435,831
436,831
442,831
443,831
460,831
465,831
494,831
2,832
21,832
22,832
28,832
29,832
104,832
105,832
109,832
110,832
329,832
331,832
349,832
350,832
354,832
355,832
434,832
435,832
441,832
442,832
460,832
465,832
494,832
2,833
22,833
23,833
29,833
30,833
105,833
106,833
110,833
111,833
348,833
349,833
353,833
354,833
433,833
434,833
440,833
441,833
460,833
465,833
494,833
2,834
23,834
24,834
30,834
31,834
106,834
107,834
111,834
112,834
347,834
348,834
352,834
353,834
432,834
433,834
439,834
440,834
460,834
465,834
495,834
2,835
24,835
25,835
31,835
32,835
107,835
108,835
112,835
113,835
346,835
347,835
351,835
352,835
431,835
432,835
438,835
439,835
460,835
465,835
495,835
2,836
25,836
26,836
32,836
33,836
108,836
109,836
113,836
114,836
345,836
346,836
350,836
351,836
430,836
431,836
437,836
438,836
460,836
465,836
495,836
2,837
26,837
27,837
33,837
34,837
109,837
110,837
114,837
115,837
344,837
345,837
349,837
350,837
429,837
430,837
436,837
437,837
460,837
465,837
495,837
2,838
27,838
28,838
34,838
35,838
110,838
111,838
115,838
116,838
343,838
344,838
348,838
349,838
428,838
429,838
435,838
436,838
460,838
465,838
495,838
2,839
28,839
29,839
35,839
36,839
111,839
112,839
116,839
117,839
342,839
343,839
347,839
348,839
427,839
428,839
434,839
435,839
460,839
465,839
495,839
2,840
29,840
30,840
36,840
37,840
112,840
113,840
117,840
118,840
341,840
342,840
346,840
347,840
426,840
427,840
433,840
434,840
460,840
465,840
495,840
2,841
30,841
31,841
37,841
38,841
113,841
114,841
118,841
119,841
340,841
341,841
345,841
346,841
425,841
426,841
432,841
433,841
460,841
465,841
495,841
2,842
31,842
32,842
38,842
39,842
114,842
115,842
119,842
120,842
339,842
340,842
344,842
345,842
424,842
425,842
431,842
432,842
460,842
465,842
495,842
2,843
32,843
33,843
39,843
40,843
115,843
116,843
120,843
121,843
338,843
339,843
343,843
344,843
423,843
424,843
430,843
431,843
460,843
465,843
495,843
2,844
33,844
34,844
40,844
41,844
116,844
117,844
121,844
122,844
337,844
338,844
342,844
343,844
422,844
423,844
429,844
430,844
460,844
465,844
495,844
2,845
34,845
35,845
41,845
42,845
117,845
118,845
122,845
123,845
336,845
337,845
341,845
342,845
421,845
422,845
428,845
429,845
460,845
465,845
495,845
2,846
35,846
36,846
42,846
43,846
118,846
119,846
123,846
124,846
336,846
340,846
341,846
420,846
421,846
427,846
428,846
460,846
465,846
495,846
2,847
36,847
37,847
43,847
44,847
119,847
120,847
124,847
335,847
339,847
340,847
419,847
420,847
426,847
427,847
460,847
465,847
495,847
2,848
37,848
38,848
44,848
45,848
120,848
121,848
124,848
335,848
338,848
339,848
418,848
419,848
425,848
426,848
460,848
465,848
495,848
2,849
38,849
39,849
45,849
46,849
121,849
122,849
124,849
335,849
337,849
338,849
417,849
418,849
424,849
425,849
460,849
465,849
495,849
2,850
39,850
40,850
46,850
47,850
122,850
123,850
335,850
337,850
416,850
417,850
423,850
424,850
460,850
465,850
495,850
2,851
40,851
41,851
47,851
48,851
123,851
415,851
416,851
422,851
423,851
460,851
465,851
495,851
2,852
41,852
42,852
48,852
49,852
414,852
415,852
421,852
422,852
460,852
465,852
495,852
2,853
42,853
43,853
49,853
50,853
413,853
414,853
420,853
421,853
460,853
465,853
495,853
2,854
43,854
44,854
50,854
51,854
412,854
413,854
419,854
420,854
460,854
465,854
495,854
2,855
44,855
45,855
51,855
52,855
411,855
412,855
418,855
419,855
460,855
465,855
495,855
2,856
45,856
46,856
52,856
53,856
410,856
411,856
417,856
418,856
460,856
465,856
495,856
2,857
46,857
47,857
53,857
54,857
409,857
410,857
416,857
417,857
460,857
465,857
495,857
2,858
47,858
48,858
54,858
55,858
408,858
409,858
415,858
416,858
460,858
465,858
495,858
2,859
48,859
49,859
55,859
56,859
407,859
408,859
414,859
415,859
460,859
465,859
495,859
2,860
49,860
50,860
56,860
57,860
406,860
407,860
413,860
414,860
460,860
465,860
495,860
2,861
50,861
51,861
57,861
58,861
405,861
406,861
412,861
413,861
460,861
465,861
495,861
2,862
51,862
52,862
58,862
59,862
404,862
405,862
411,862
412,862
460,862
465,862
495,862
2,863
52,863
53,863
59,863
60,863
403,863
404,863
410,863
411,863
460,863
465,863
495,863
2,864
53,864
54,864
60,864
61,864
402,864
403,864
409,864
410,864
460,864
465,864
495,864
2,865
54,865
55,865
61,865
62,865
401,865
402,865
408,865
409,865
460,865
465,865
495,865
2,866
55,866
56,866
62,866
63,866
400,866
401,866
407,866
408,866
460,866
465,866
495,866
2,867
56,867
57,867
63,867
64,867
399,867
400,867
406,867
407,867
460,867
465,867
495,867
2,868
57,868
58,868
64,868
65,868
398,868
399,868
405,868
406,868
460,868
465,868
495,868
2,869
58,869
59,869
65,869
66,869
397,869
398,869
404,869
405,869
460,869
465,869
495,869
2,870
59,870
60,870
66,870
67,870
396,870
397,870
403,870
404,870
460,870
465,870
495,870
2,871
60,871
61,871
67,871
68,871
395,871
396,871
402,871
403,871
460,871
465,871
495,871
2,872
61,872
62,872
68,872
69,872
394,872
395,872
401,872
402,872
460,872
465,872
495,872
2,873
62,873
63,873
69,873
70,873
393,873
394,873
400,873
401,873
460,873
465,873
495,873
2,874
63,874
64,874
70,874
71,874
392,874
393,874
399,874
400,874
460,874
465,874
495,874
2,875
64,875
65,875
71,875
72,875
391,875
392,875
398,875
399,875
460,875
465,875
495,875
2,876
65,876
66,876
72,876
73,876
390,876
391,876
397,876
398,876
460,876
465,876
495,876
2,877
66,877
67,877
73,877
74,877
389,877
390,877
396,877
397,877
460,877
465,877
495,877
2,878
67,878
68,878
74,878
75,878
388,878
389,878
395,878
396,878
460,878
465,878
495,878
2,879
68,879
69,879
75,879
76,879
387,879
388,879
394,879
395,879
460,879
465,879
495,879
2,880
69,880
70,880
76,880
77,880
386,880
387,880
393,880
394,880
460,880
465,880
495,880
2,881
70,881
71,881
77,881
78,881
385,881
386,881
392,881
393,881
460,881
465,881
495,881
2,882
71,882
72,882
78,882
79,882
384,882
385,882
391,882
392,882
460,882
465,882
495,882
2,883
72,883
73,883
79,883
80,883
383,883
384,883
390,883
391,883
460,883
465,883
495,883
2,884
73,884
74,884
80,884
81,884
382,884
383,884
389,884
390,884
460,884
465,884
495,884
2,885
74,885
75,885
81,885
82,885
381,885
382,885
388,885
389,885
460,885
465,885
495,885
2,886
75,886
76,886
82,886
83,886
380,886
381,886
387,886
388,886
460,886
465,886
495,886
2,887
76,887
77,887
83,887
84,887
379,887
380,887
386,887
387,887
460,887
465,887
495,887
2,888
77,888
78,888
84,888
85,888
378,888
379,888
385,888
386,888
460,888
465,888
495,888
2,889
78,889
79,889
85,889
86,889
377,889
378,889
384,889
385,889
460,889
465,889
495,889
2,890
79,890
80,890
86,890
87,890
376,890
377,890
383,890
384,890
460,890
465,890
495,890
2,891
80,891
81,891
87,891
88,891
375,891
376,891
382,891
383,891
460,891
465,891
495,891
2,892
81,892
82,892
88,892
89,892
374,892
375,892
381,892
382,892
460,892
465,892
495,892
2,893
82,893
83,893
89,893
90,893
373,893
374,893
380,893
381,893
460,893
465,893
495,893
2,894
83,894
84,894
90,894
91,894
372,894
373,894
379,894
380,894
460,894
465,894
495,894
2,895
84,895
85,895
91,895
92,895
371,895
372,895
378,895
379,895
460,895
465,895
466,895
467,895
468,895
469,895
470,895
471,895
472,895
473,895
474,895
475,895
476,895
477,895
478,895
479,895
480,895
481,895
482,895
483,895
484,895
485,895
486,895
487,895
488,895
489,895
490,895
491,895
492,895
493,895
494,895
2,896
85,896
86,896
92,896
93,896
370,896
371,896
377,896
378,896
460,896
2,897
86,897
87,897
93,897
94,897
369,897
370,897
376,897
377,897
460,897
2,898
87,898
88,898
94,898
95,898
368,898
369,898
375,898
376,898
460,898
2,899
88,899
95,899
368,899
375,899
460,899
499,899
